"湖北,61682,9128, 1921
广东,1331,571, 5
河南,1262,552, 19
浙江,1173,544, 0
湖南,1008,542, 4
安徽,986,424, 6
江西,934,362, 1
江苏,631,296, 0
重庆,555,254, 5
山东,544,215, 3
四川,514,177, 3
黑龙江,470,108, 12
北京,393,145, 4
上海,333,186, 2
河北,306,136, 4
福建,293,96, 0
广西,244,76, 2
陕西,242,89, 0
云南,173,57, 0
海南,163,79, 4
贵州,146,69, 2
山西,131,61, 0
天津,128,48, 3
辽宁,121,55, 1
甘肃,91,62, 2
吉林,90,36, 1
新疆,76,14, 1
内蒙古,75,9, 0
宁夏,71,42, 0
香港,62,4, 2
台湾,22,2, 1
青海,18,15, 0
澳门,10,5, 0
西藏,1,1, 0湖北
1693
61682
9128
1921
-
广东
3
1331
571
5
-
河南
5
1262
552
19
-
浙江
1
1173
544
0
-
湖南
1
1008
542
4
-
安徽
4
986
424
6
-
江西
1
934
362
1
-
江苏
2
631
296
0
-
重庆
2
555
254
5
-
山东
1
544
215
3
-
四川
6
514
177
3
-
黑龙江
6
470
108
12
-
北京
6
393
145
4
-
上海
0
333
186
2
-
河北
4
306
136
4
-
福建
1
293
96
0
-
广西
2
244
76
2
-
陕西
2
242
89
0
-
云南
1
173
57
0
-
海南
0
163
79
4
-
贵州
0
146
69
2
-
山西
1
131
61
0
-
天津
3
128
48
3
-
辽宁
0
121
55
1
-
甘肃
-
91
62
2
-
吉林
1
90
36
1
-
新疆
0
76
14
1
-
内蒙古
2
75
9
0
-
宁夏
1
71
42
0
-
香港
0
62
4
2
-
台湾
0
22
2
1
-
青海
0
18
15
0
-
澳门
0
10
5
0
-
西藏
0
1
1
0
-
日本
616
1
1
新加坡
81
29
0
韩国
46
12
0
泰国
35
15
0
马来西亚
22
9
0
越南
16
7
0
德国
16
7
0
美国
15
3
0
澳大利亚
15
5
0
法国
12
4
1
英国
9
8
0
阿联酋
9
4
0
加拿大
8
1
0
菲律宾
3
1
1
印度
3
3
0
意大利
3
0
0
西班牙
2
0
0
俄罗斯
2
2
0
比利时
1
1
0
埃及
1
0
0
尼泊尔
1
1
0
芬兰
1
1
0
斯里兰卡
1
1
0
柬埔寨
1
1
0
瑞典
1
0
0"
