地区

现存确诊

累计确诊

死亡

治愈

地区

现存确诊

累计确诊

死亡

治愈

湖北

48637

62662

2144

11881

武汉

37381

45346

1684

6281

孝感

2481

3346

94

771

黄冈

1492

2856

90

1274

荆州

946

1517

40

531

鄂州

929

1343

39

375

随州

873

1287

28

386

襄阳

803

1170

24

343

宜昌

617

895

28

250

黄石

586

974

27

361

荆门

534

800

37

229

咸宁

442

766

10

314

十堰

440

654

2

212

仙桃

339

568

19

210

天门

300

477

12

165

监狱系统

220

220

恩施州

130

245

3

112

潜江

124

188

7

57

神农架林区

10

10

湖北省卫健委尚未发布昨日确诊数据，武汉确诊数据及治愈死亡数据来自国家卫健委。
广东

638

1333

5

690

深圳

192

416

2

222

广州

167

339

172

东莞

65

93

1

27

佛山

50

84

34

珠海

48

98

1

49

中山

23

66

43

惠州

21

62

41

江门

14

23

9

湛江

10

22

12

肇庆

9

18

1

8

茂名

8

14

6

汕头

5

25

20

梅州

5

16

11

韶关

4

10

6

揭阳

4

8

4

阳江

3

13

10

清远

3

12

9

汕尾

3

5

2

河源

3

4

1

潮州

1

5

4

浙江

523

1203

1

679

温州

235

504

1

268

台州

62

146

84

杭州

58

169

111

宁波

54

157

103

省十里丰监狱

34

34

嘉兴

23

45

22

绍兴

22

42

20

金华

19

55

36

舟山

5

10

5

衢州

4

14

10

湖州

4

10

6

丽水

3

17

14

河南

512

1267

19

736

信阳

134

270

2

134

南阳

87

155

2

66

郑州

59

157

98

驻马店

40

139

99

周口

35

76

41

商丘

25

91

3

63

新乡

22

57

3

32

安阳

22

53

31

许昌

20

39

19

焦作

19

32

1

12

平顶山

18

58

1

39

洛阳

14

31

1

16

漯河

13

35

22

开封

11

26

15

鹤壁

10

19

9

濮阳

10

17

7

济源

2

5

3

三门峡

1

7

6

待明确地区

6

24

参考卫健委统计口径，部分县区与地级市合并
山东

464

749

4

281

济宁

224

253

29

烟台

29

47

18

潍坊

27

44

17

济南

25

47

22

德州

24

37

2

11

青岛

23

59

1

35

泰安

21

34

1

12

威海

20

38

18

淄博

20

30

10

聊城

17

38

21

枣庄

13

24

11

日照

8

16

8

临沂

5

49

44

菏泽

4

18

14

滨州

4

15

11

江西

444

934

1

489

南昌

84

229

145

九江

71

118

47

上饶

59

123

64

宜春

53

106

53

新余

50

130

80

赣州

41

76

1

34

抚州

35

72

37

萍乡

22

33

11

鹰潭

14

18

4

吉安

11

22

11

景德镇

3

6

3

赣江新区

1

1

安徽

443

988

6

539

蚌埠

99

160

5

56

合肥

76

174

1

97

阜阳

65

155

90

亳州

38

108

70

六安

34

69

35

安庆

28

83

55

马鞍山

20

37

17

宿州

18

41

23

铜陵

16

29

13

淮南

13

27

14

淮北

12

27

15

芜湖

7

33

26

池州

7

17

10

滁州

5

13

8

黄山

3

9

6

宣城

2

6

4

湖南

346

1011

4

661

长沙

115

242

2

125

岳阳

79

156

1

76

株洲

32

78

46

常德

22

80

58

娄底

22

76

54

邵阳

20

102

1

81

湘潭

18

35

17

衡阳

11

48

37

郴州

9

39

30

益阳

8

59

51

永州

8

43

35

怀化

2

40

38

湘西自治州

8

8

张家界

5

5

黑龙江

292

479

12

175

哈尔滨

118

197

3

76

鸡西

43

46

3

双鸭山

33

52

3

16

齐齐哈尔

26

43

1

16

绥化

17

47

4

26

大庆

17

26

1

8

牡丹江

12

14

2

七台河

11

17

6

黑河

10

14

4

鹤岗

3

5

2

佳木斯

1

15

14

伊春

1

1

大兴安岭

2

2

四川

291

525

3

231

成都

69

143

3

71

甘孜州

58

68

10

达州

30

41

11

南充

23

38

15

泸州

18

24

6

巴中

14

24

10

德阳

13

18

5

绵阳

12

22

10

内江

12

22

10

广安

10

30

20

遂宁

7

17

10

凉山州

7

13

6

宜宾

5

12

7

攀枝花

3

16

13

雅安

3

7

4

自贡

2

9

7

眉山

2

8

6

广元

1

6

5

乐山

1

3

2

资阳

1

3

2

阿坝州

1

1

重庆

262

567

6

299

万州区

55

115

4

56

江北区

19

28

9

合川区

15

23

8

潼南区

13

18

5

綦江区

12

23

11

奉节县

12

22

10

垫江县

11

20

9

长寿区

10

21

11

两江新区

10

17

7

南岸区

10

15

5

九龙坡区

9

20

1

10

渝北区

8

17

9

沙坪坝区

7

8

1

云阳县

6

25

19

渝中区

6

20

14

铜梁区

6

10

4

丰都县

6

10

4

石柱县

5

15

10

大足区

5

14

9

开州区

4

20

1

15

巫溪县

4

13

9

巫山县

4

10

6

荣昌区

4

9

5

巴南区

4

6

2

涪陵区

3

5

2

忠县

2

20

18

璧山区

2

9

7

大渡口区

2

7

5

高新区

2

4

2

彭水县

2

2

永川区

1

5

4

江津区

1

4

3

酉阳县

1

1

万盛经开区

1

1

梁平区

4

4

黔江区

2

2

城口县

2

2

武隆区

1

1

秀山县

1

1

江苏

258

631

373

苏州

45

87

42

南京

41

93

52

淮安

32

66

34

连云港

30

48

18

徐州

21

79

58

无锡

18

55

37

南通

17

40

23

常州

15

51

36

泰州

13

37

24

扬州

10

23

13

盐城

7

27

20

宿迁

5

13

8

镇江

4

12

8

北京

223

396

4

169

海淀区

61

61

朝阳区

58

58

西城区

53

53

丰台区

38

41

3

大兴区

37

39

2

昌平区

29

29

外地来京人员

24

26

2

通州区

18

19

1

房山区

13

16

3

石景山区

13

14

1

东城区

11

12

1

顺义区

10

10

怀柔区

7

7

密云区

7

7

门头沟区

1

3

2

延庆区

1

1

待明确地区

4

154

广西

147

246

2

97

南宁

29

54

25

北海

29

44

1

14

河池

19

24

1

4

桂林

16

31

15

柳州

13

24

11

防城港

13

19

6

来宾

11

11

玉林

7

11

4

贵港

5

8

3

钦州

2

8

6

贺州

2

4

2

百色

1

3

2

梧州

5

5

福建

143

293

1

149

莆田

33

55

22

泉州

29

46

17

福州

24

71

47

厦门

18

35

17

南平

12

20

8

宁德

9

26

17

三明

9

14

5

漳州

7

20

13

龙岩

3

6

3

待明确地区

1

上海

121

334

2

211

外地来沪人员

36

110

1

73

浦东新区

18

60

42

宝山区

11

21

10

徐汇区

8

18

10

松江区

7

14

7

静安区

6

16

10

嘉定区

6

9

3

奉贤区

6

9

3

杨浦区

5

9

4

闵行区

4

19

15

普陀区

4

11

7

长宁区

3

13

10

黄浦区

3

6

3

虹口区

2

7

5

崇明区

2

4

2

金山区

1

3

2

青浦区

5

5

待明确地区

1

未知治愈数据统一归属上海市公卫临床中心，暂无具体分区
河北

119

308

5

184

唐山

37

57

1

19

沧州

23

48

3

22

石家庄

13

28

15

邯郸

12

31

19

张家口

9

34

25

廊坊

8

30

22

邢台

7

23

1

15

秦皇岛

4

10

6

保定

3

32

29

衡水

2

8

6

承德

1

7

6

陕西

110

245

1

134

西安

60

120

1

59

汉中

16

26

10

渭南

11

15

4

安康

10

26

16

咸阳

3

17

14

商洛

3

7

4

宝鸡

2

13

11

延安

2

8

6

铜川

2

8

6

杨凌

1

1

榆林

3

3

韩城

1

1

云南

76

174

2

96

昆明

21

53

32

昭通

19

25

6

西双版纳

10

15

1

4

曲靖

5

13

8

红河州

5

9

4

保山

5

9

4

玉溪

4

14

1

9

大理州

3

13

10

德宏州

3

5

2

文山州

1

2

1

丽江

7

7

普洱

4

4

楚雄州

4

4

临沧

1

1

海南

69

168

4

95

三亚

23

54

1

30

海口

20

39

19

昌江

5

7

2

儋州

4

15

11

万宁

4

13

9

澄迈

4

9

1

4

陵水

3

4

1

临高

2

6

4

保亭

2

3

1

琼海

1

6

1

4

东方

1

3

2

定安

3

1

2

文昌

3

3

乐东

2

2

琼中

1

1

贵州

67

146

2

77

贵阳

18

36

1

17

遵义

15

32

17

毕节

13

23

10

黔南州

10

17

7

黔东南州

5

10

5

六盘水

3

10

1

6

安顺

3

4

1

铜仁

10

10

黔西南州

4

4

天津

67

132

3

62

宝坻区

38

57

2

17

河东区

6

15

1

8

北辰区

5

6

1

南开区

4

6

2

河北区

3

12

9

宁河区

3

4

1

和平区

2

6

4

外地来津人员

2

6

4

东丽区

2

4

2

河西区

2

4

2

滨海新区

2

3

1

武清区

1

2

1

西青区

4

4

红桥区

2

2

津南区

1

1

待明确地区

3

香港

61

68

2

5

辽宁

59

121

1

61

沈阳

13

28

15

大连

10

19

9

葫芦岛

6

12

1

5

盘锦

6

11

5

铁岭

6

7

1

阜新

5

8

3

锦州

4

12

8

鞍山

4

4

朝阳

3

6

3

丹东

2

7

5

本溪

3

3

辽阳

3

3

营口

1

1

内蒙古

58

75

17

包头

9

11

2

锡林郭勒盟

8

9

1

巴彦淖尔

8

8

鄂尔多斯

6

11

5

赤峰

6

9

3

通辽

6

7

1

呼和浩特

5

7

2

呼伦贝尔

5

7

2

乌兰察布

2

3

1

乌海市

2

2

兴安盟

1

1

山西

56

132

76

晋中

15

36

21

太原

8

20

12

晋城

7

10

3

大同

6

12

6

长治

6

8

2

朔州

5

8

3

运城

3

19

16

忻州

3

7

4

阳泉

2

4

2

临汾

1

2

1

吕梁

6

6

新疆

51

76

1

24

乌鲁木齐

13

23

10

伊犁州

12

18

6

兵团第四师

10

10

兵团第九师

4

4

兵团第十二师

3

3

昌吉州

2

4

2

吐鲁番市

2

3

1

兵团第八师石河子市

2

4

1

1

兵团第六师五家渠市

2

2

巴州

1

3

2

兵团第七师

1

1

阿克苏地区

1

1

吉林

45

91

1

45

长春

23

45

22

四平市

6

15

1

8

辽源

6

7

1

公主岭

4

6

2

通化

3

4

1

吉林市

1

5

4

延边

1

5

4

白城

1

1

松原

2

2

梅河口

1

1

宁夏

23

71

48

吴忠

16

28

12

银川

5

33

28

固原

2

5

3

中卫

3

3

宁东

1

1

石嘴山

1

1

台湾

23

26

1

2

甘肃

13

91

2

76

兰州

7

36

2

27

平凉

3

9

6

甘南

2

8

6

定西

1

9

8

白银

1

4

3

庆阳

1

3

2

天水

12

12

陇南

4

4

临夏

3

3

张掖

2

2

金昌

1

1

待明确地区

2

澳门

4

10

6

青海

18

18

西宁

15

15

海北州

3

3

西藏

1

1

拉萨

1

1
