地区

现存确诊

累计确诊

死亡

治愈

地区

现存确诊

累计确诊

死亡

治愈

湖北

50633

61682

1921

9128

武汉

38020

44412

1497

4895

孝感

2690

3344

82

572

黄冈

1700

2844

85

1059

荆州

1094

1541

38

409

鄂州

1005

1343

37

301

随州

1000

1280

26

254

襄阳

913

1165

22

230

黄石

696

983

25

262

荆门

687

901

33

181

宜昌

674

907

25

208

咸宁

597

832

10

225

十堰

472

638

2

164

天门

402

486

11

73

仙桃

394

562

19

149

恩施州

150

249

3

96

潜江

139

185

6

40

神农架林区

10

10

广东

755

1331

5

571

深圳

251

416

2

163

广州

197

339

142

东莞

66

91

1

24

佛山

57

84

27

珠海

54

98

1

43

中山

26

66

40

惠州

26

62

36

江门

15

23

8

湛江

11

22

11

汕头

10

25

15

肇庆

9

18

1

8

梅州

8

16

8

茂名

8

14

6

韶关

5

10

5

阳江

4

13

9

揭阳

4

8

4

清远

3

12

9

汕尾

3

5

2

河源

3

4

1

潮州

1

5

4

待明确地区

6

河南

691

1262

19

552

信阳

182

268

2

84

南阳

88

155

2

65

郑州

79

156

77

驻马店

60

139

79

周口

44

76

32

商丘

42

91

3

46

新乡

33

57

3

21

平顶山

30

58

1

27

许昌

28

39

11

安阳

26

52

26

焦作

24

32

1

7

漯河

21

34

13

洛阳

18

31

1

12

开封

17

26

9

鹤壁

14

19

5

濮阳

13

17

4

济源

5

5

三门峡

3

7

4

待明确地区

6

30

参考卫健委统计口径，部分县区与地级市合并
浙江

630

1174

544

温州

296

504

208

宁波

83

156

73

台州

77

146

69

杭州

71

169

98

嘉兴

29

44

15

金华

25

55

30

绍兴

22

42

20

衢州

11

21

10

丽水

6

17

11

舟山

5

10

5

湖州

5

10

5

安徽

619

986

6

361

蚌埠

124

159

5

30

阜阳

108

155

47

合肥

101

173

1

71

亳州

61

108

47

六安

46

69

23

安庆

44

83

39

宿州

24

41

17

马鞍山

23

37

14

铜陵

17

29

12

芜湖

16

33

17

淮南

16

27

11

淮北

14

27

13

池州

11

17

6

滁州

6

13

7

黄山

6

9

3

宣城

2

6

4

江西

571

934

1

362

南昌

116

230

114

九江

85

118

33

上饶

76

123

47

宜春

73

106

33

新余

71

129

58

赣州

51

76

1

24

抚州

43

72

29

萍乡

26

33

7

鹰潭

15

18

3

吉安

11

22

11

景德镇

3

6

3

赣江新区

1

1

湖南

462

1008

4

542

长沙

141

241

2

98

岳阳

90

155

1

64

株洲

41

78

37

常德

36

79

43

邵阳

31

102

1

70

娄底

29

76

47

益阳

28

59

31

衡阳

19

48

29

湘潭

18

35

17

永州

13

43

30

郴州

12

39

27

怀化

3

40

37

湘西自治州

1

8

7

张家界

5

5

黑龙江

350

470

12

108

哈尔滨

143

192

3

46

双鸭山

45

52

3

4

鸡西

43

46

3

齐齐哈尔

32

43

1

10

绥化

27

47

4

16

大庆

15

23

1

7

黑河

14

14

牡丹江

12

13

1

七台河

11

17

6

佳木斯

3

15

12

鹤岗

3

5

2

大兴安岭

1

2

1

伊春

1

1

江苏

335

631

296

南京

58

93

35

苏州

56

87

31

淮安

38

66

28

徐州

37

79

42

无锡

34

55

21

连云港

34

48

14

常州

24

51

27

南通

21

40

19

泰州

15

37

22

扬州

12

23

11

盐城

10

27

17

宿迁

6

13

7

镇江

6

12

6

待明确

16

四川

334

514

3

177

成都

79

141

1

61

甘孜州

57

65

8

达州

32

40

8

南充

25

38

13

巴中

21

24

3

泸州

17

20

3

内江

16

22

6

德阳

16

17

1

广安

14

30

16

绵阳

12

22

10

遂宁

8

17

9

凉山州

8

13

5

宜宾

6

12

6

眉山

6

8

2

攀枝花

5

16

11

自贡

5

9

4

雅安

5

7

2

广元

2

6

4

乐山

1

3

2

资阳

1

3

2

阿坝州

1

1

待明确地区

2

山东

326

544

3

215

烟台

34

47

13

济南

31

47

16

青岛

30

59

1

28

济宁

30

52

22

潍坊

30

44

14

威海

28

38

10

德州

27

37

1

9

泰安

25

32

1

6

淄博

23

29

6

聊城

20

38

18

枣庄

17

24

7

临沂

11

48

37

日照

10

16

6

菏泽

5

18

13

滨州

5

15

10

重庆

296

555

5

254

万州区

66

110

3

41

江北区

20

28

8

合川区

15

23

8

潼南区

15

18

3

綦江区

13

23

10

垫江县

13

20

7

奉节县

13

20

7

南岸区

12

15

3

长寿区

11

21

10

两江新区

10

17

7

九龙坡区

9

20

1

10

云阳县

8

25

17

忠县

8

20

12

渝北区

8

16

8

丰都县

7

10

3

沙坪坝区

7

8

1

渝中区

6

20

14

开州区

6

20

1

13

大足区

6

14

8

石柱县

6

14

8

铜梁区

5

9

4

巫溪县

4

13

9

巫山县

4

10

6

荣昌区

4

9

5

巴南区

4

6

2

永川区

3

5

2

高新区

3

4

1

璧山区

2

9

7

大渡口区

2

7

5

彭水县

2

2

江津区

1

4

3

涪陵区

1

3

2

酉阳县

1

1

万盛经开区

1

1

梁平区

4

4

黔江区

2

2

城口县

2

2

武隆区

1

1

秀山县

1

1

北京

244

393

4

145

海淀区

61

61

朝阳区

58

58

西城区

52

52

丰台区

37

40

3

大兴区

37

39

2

昌平区

29

29

外地来京人员

24

26

2

通州区

17

18

1

房山区

13

16

3

石景山区

13

14

1

东城区

11

12

1

顺义区

10

10

怀柔区

7

7

密云区

7

7

门头沟区

3

3

延庆区

1

1

待明确地区

4

132

福建

197

293

96

福州

43

71

28

莆田

38

55

17

泉州

33

46

13

厦门

26

35

9

宁德

20

26

6

漳州

12

20

8

南平

12

20

8

三明

11

14

3

龙岩

5

6

1

待明确地区

3

广西

166

244

2

76

南宁

36

54

18

北海

29

44

1

14

河池

22

23

1

桂林

16

31

15

柳州

16

24

8

防城港

12

18

6

来宾

11

11

玉林

7

11

4

钦州

7

8

1

贵港

5

8

3

贺州

4

4

百色

1

3

2

梧州

5

5

河北

166

306

4

136

唐山

43

55

1

11

沧州

28

48

2

18

张家口

19

34

15

邯郸

19

31

12

石家庄

17

28

11

廊坊

12

30

18

邢台

12

23

1

10

秦皇岛

6

10

4

保定

5

32

27

承德

3

7

4

衡水

2

8

6

上海

155

333

1

177

外地来沪人员

45

110

1

64

浦东新区

23

60

37

宝山区

14

21

7

徐汇区

12

18

6

松江区

8

14

6

静安区

7

16

9

普陀区

7

11

4

嘉定区

7

9

2

杨浦区

6

9

3

奉贤区

6

9

3

长宁区

5

13

8

闵行区

4

18

14

黄浦区

4

6

2

虹口区

3

7

4

崇明区

3

4

1

金山区

1

3

2

青浦区

5

5

陕西

153

242

89

西安

78

118

40

汉中

21

26

5

安康

15

25

10

渭南

12

15

3

咸阳

10

17

7

商洛

5

7

2

宝鸡

4

13

9

铜川

4

8

4

延安

2

8

6

榆林

2

3

1

杨凌

1

1

韩城

1

1

待明确地区

1

云南

116

173

57

昆明

40

53

13

昭通

23

25

2

西双版纳

11

15

4

玉溪

11

14

3

曲靖

7

13

6

保山

7

9

2

红河州

5

8

3

大理州

3

13

10

德宏州

3

5

2

楚雄州

3

4

1

文山州

2

2

普洱

1

4

3

丽江

7

7

临沧

1

1

海南

80

163

4

79

三亚

31

54

1

22

海口

17

34

17

儋州

6

15

9

昌江

6

7

1

万宁

4

13

9

澄迈

4

9

1

4

陵水

3

4

1

临高

2

6

4

保亭

2

3

1

乐东

2

2

琼海

1

6

1

4

文昌

1

3

2

东方

1

3

2

定安

3

1

2

琼中

1

1

天津

77

128

3

48

宝坻区

39

53

2

12

河东区

7

15

1

7

北辰区

5

6

1

南开区

5

6

1

河北区

4

12

8

宁河区

4

4

外地来津人员

3

6

3

东丽区

3

4

1

和平区

2

6

4

河西区

2

4

2

滨海新区

2

3

1

武清区

1

2

1

西青区

4

4

红桥区

2

2

津南区

1

1

贵州

75

146

2

69

贵阳

22

36

1

13

遵义

17

32

15

毕节

13

23

10

黔南州

10

17

7

黔东南州

6

10

4

六盘水

3

10

1

6

安顺

3

4

1

铜仁

1

10

9

黔西南州

4

4

山西

70

131

61

晋中

21

36

15

太原

11

19

8

晋城

8

10

2

长治

7

8

1

大同

6

12

6

运城

5

19

14

朔州

5

8

3

忻州

3

7

4

阳泉

3

4

1

临汾

1

2

1

吕梁

6

6

内蒙古

66

75

9

包头

11

11

鄂尔多斯

8

11

3

巴彦淖尔

8

8

锡林郭勒盟

8

9

1

呼和浩特

7

7

通辽

7

7

赤峰

6

9

3

呼伦贝尔

6

7

1

乌兰察布

2

3

1

乌海市

2

2

兴安盟

1

1

辽宁

65

121

1

55

盘锦

11

11

大连

10

19

9

沈阳

9

28

19

葫芦岛

9

12

1

2

铁岭

6

7

1

锦州

5

12

7

阜新

5

8

3

鞍山

4

4

丹东

3

7

4

朝阳

3

6

3

本溪

3

3

辽阳

3

3

营口

1

1

新疆

61

76

1

14

乌鲁木齐

17

23

6

伊犁州

14

18

4

兵团第四师

10

10

兵团第九师

4

4

昌吉州

4

4

巴州

3

3

兵团第十二师

3

3

吐鲁番市

2

3

1

兵团第八师石河子市

2

4

1

1

兵团第六师五家渠市

2

2

兵团第七师

1

1

阿克苏地区

1

1

香港

56

62

2

4

吉林

53

90

1

36

长春

26

45

19

四平市

10

15

1

4

辽源

6

7

1

公主岭

4

6

2

吉林市

2

5

3

通化

2

3

1

延边

1

5

4

松原

1

2

1

白城

1

1

梅河口

1

1

宁夏

29

71

42

吴忠

19

28

9

银川

8

33

25

固原

2

5

3

中卫

3

3

宁东

1

1

石嘴山

1

1

甘肃

27

91

2

62

兰州

11

36

2

23

平凉

6

9

3

甘南

4

8

4

白银

3

4

1

天水

1

12

11

定西

1

9

8

庆阳

1

3

2

陇南

4

4

临夏

3

3

张掖

2

2

金昌

1

1

台湾

19

22

1

2

澳门

5

10

5

青海

3

18

15

西宁

2

15

13

海北州

1

3

2

西藏

1

1

拉萨

1

1

数据来源：国家及各省市地区卫健委
疑似病例数来自国家卫健委数据，目前为全国数据，未分省市自治区等
全球数据

地区

现存确诊

累计确诊

死亡

治愈

全球

58673

75200

2010

14517

亚洲

58078

74572

2009

14485

中国

57885

74280

2007

14388

日本

61

74

1

12

新加坡

52

81

29

韩国

34

46

12

泰国

20

35

15

马来西亚

9

22

13

越南

9

16

7

阿联酋

5

9

4

菲律宾

1

3

1

1

尼泊尔

1

1

斯里兰卡

1

1

印度

3

3

柬埔寨

1

1

其他

542

542

钻石公主号邮轮

542

542

欧洲

29

47

1

17

德国

15

16

1

法国

7

12

1

4

意大利

3

3

西班牙

2

2

英国

1

9

8

瑞典

1

1

俄罗斯

2

2

芬兰

1

1

比利时

1

1

北美洲

18

23

5

美国

12

15

3

加拿大

6

8

2

大洋洲

5

15

10

澳大利亚

5

15

10

非洲

1

1

埃及

1

1
