地区

现存确诊

累计确诊

死亡

治愈

湖北

46768

51986

1318

3900

武汉

32952

35991

1016

2023

孝感

2697

3009

57

255

黄冈

2204

2791

59

528

荆州

1257

1447

27

163

随州

1118

1206

16

72

襄阳

1022

1111

16

73

鄂州

977

1125

32

116

黄石

795

943

11

137

宜昌

782

877

13

82

荆门

771

901

25

105

咸宁

625

732

8

99

十堰

495

586

2

89

仙桃

425

500

17

58

天门

385

416

10

21

恩施州

173

237

4

60

潜江

88

104

5

11

神农架林区

2

10

8

广东

897

1261

2

362

深圳

296

400

104

广州

235

328

93

东莞

65

73

1

7

珠海

64

91

27

佛山

60

82

22

中山

38

64

26

惠州

38

56

18

江门

19

22

3

汕头

16

25

9

湛江

11

22

11

茂名

10

13

3

肇庆

9

17

1

7

阳江

8

13

5

梅州

7

14

7

清远

5

12

7

韶关

5

8

3

潮州

5

5

揭阳

4

8

4

汕尾

4

5

1

河源

2

3

1

待明确地区

4

河南

816

1184

11

357

信阳

182

243

1

60

南阳

99

146

2

45

驻马店

87

137

50

郑州

80

142

62

商丘

61

88

2

25

周口

44

69

25

新乡

43

55

2

10

平顶山

37

57

1

19

安阳

34

50

16

许昌

31

37

6

漯河

24

33

9

焦作

23

29

1

5

洛阳

22

30

8

开封

17

25

8

鹤壁

15

19

4

濮阳

12

13

1

济源

4

4

三门峡

3

7

4

待明确地区

2

参考卫健委统计口径，部分县区与地级市合并
浙江

752

1155

403

温州

337

496

159

宁波

107

153

46

杭州

96

165

69

台州

92

144

52

嘉兴

32

42

10

金华

31

55

24

绍兴

26

42

16

衢州

13

21

8

丽水

7

17

10

湖州

6

10

4

舟山

5

10

5

安徽

735

934

6

193

蚌埠

141

149

5

3

合肥

127

166

1

38

阜阳

118

146

28

亳州

87

106

19

六安

53

61

8

安庆

49

81

32

宿州

29

39

10

马鞍山

25

34

9

芜湖

23

31

8

淮北

19

25

6

铜陵

18

28

10

淮南

17

23

6

池州

13

17

4

黄山

8

9

1

滁州

6

13

7

宣城

2

6

4

江西

712

900

1

187

南昌

149

217

68

上饶

104

122

18

九江

98

114

16

新余

93

124

31

宜春

83

101

18

赣州

63

76

1

12

抚州

57

71

14

萍乡

29

31

2

鹰潭

16

18

2

吉安

15

20

5

景德镇

4

5

1

赣江新区

1

1

湖南

622

988

2

364

长沙

172

238

66

岳阳

104

149

1

44

邵阳

58

100

1

41

株洲

56

77

21

常德

51

78

27

娄底

48

73

25

益阳

37

59

22

湘潭

22

34

12

衡阳

20

46

26

永州

20

43

23

郴州

17

39

22

怀化

13

39

26

湘西自治州

2

8

6

张家界

2

5

3

江苏

436

593

157

苏州

68

85

17

南京

64

91

27

徐州

56

76

20

淮安

45

56

11

无锡

36

51

15

连云港

35

45

10

常州

32

43

11

南通

28

39

11

泰州

22

37

15

盐城

20

26

6

扬州

14

20

6

镇江

10

12

2

宿迁

6

12

6

重庆

388

532

5

139

万州区

74

104

3

27

江北区

24

26

2

綦江区

21

22

1

合川区

18

23

5

垫江县

17

20

3

渝中区

17

20

3

九龙坡区

16

20

1

3

奉节县

16

20

4

潼南区

15

16

1

南岸区

14

15

1

两江新区

13

17

4

大足区

13

14

1

渝北区

11

15

4

忠县

10

19

9

云阳县

9

22

13

长寿区

9

17

8

石柱县

9

14

5

丰都县

9

10

1

荣昌区

8

8

沙坪坝区

8

8

开州区

7

20

1

12

铜梁区

7

8

1

巫溪县

6

13

7

巫山县

5

10

5

璧山区

5

8

3

巴南区

5

6

1

永川区

4

5

1

大渡口区

3

7

4

江津区

3

4

1

高新区

3

4

1

梁平区

2

4

2

涪陵区

2

3

1

彭水县

2

2

武隆区

1

1

酉阳县

1

1

万盛经开区

1

1

城口县

2

2

黔江区

2

2

秀山县

1

1

山东

385

523

2

136

青岛

37

55

1

17

济南

36

47

11

潍坊

35

41

6

聊城

35

38

3

烟台

34

46

12

济宁

31

46

15

威海

29

38

9

泰安

28

32

4

德州

27

35

1

7

淄博

24

28

4

临沂

22

47

25

枣庄

19

23

4

日照

13

15

2

菏泽

9

18

9

滨州

6

14

8

黑龙江

361

419

11

47

哈尔滨

143

164

3

18

双鸭山

45

48

2

1

鸡西

43

44

1

绥化

34

45

4

7

齐齐哈尔

27

36

1

8

大庆

16

18

1

1

七台河

15

16

1

黑河

13

13

牡丹江

11

12

1

佳木斯

8

15

7

鹤岗

3

5

2

大兴安岭

2

2

伊春

1

1

四川

348

463

1

114

成都

91

135

1

43

甘孜州

40

43

3

达州

31

36

5

南充

28

35

7

巴中

23

24

1

广安

22

30

8

绵阳

17

22

5

泸州

17

19

2

德阳

17

17

内江

16

21

5

自贡

7

9

2

遂宁

6

10

4

凉山州

6

10

4

眉山

6

8

2

宜宾

5

11

6

雅安

5

7

2

攀枝花

4

13

9

广元

4

6

2

乐山

1

3

2

资阳

1

3

2

阿坝州

1

1

北京

289

372

3

80

朝阳区

58

58

海淀区

58

58

西城区

46

46

大兴区

37

39

2

丰台区

33

36

3

外地来京人员

24

26

2

昌平区

24

24

通州区

16

17

1

房山区

14

14

石景山区

13

14

1

东城区

12

12

顺义区

10

10

怀柔区

7

7

密云区

7

7

门头沟区

3

3

延庆区

1

1

待明确地区

3

71

上海

227

318

1

90

外地来沪人员

74

102

1

27

浦东新区

44

56

12

宝山区

19

20

1

徐汇区

15

17

2

闵行区

14

18

4

静安区

13

16

3

松江区

13

14

1

普陀区

11

11

长宁区

10

13

3

杨浦区

8

9

1

嘉定区

8

9

1

奉贤区

8

9

1

虹口区

5

7

2

黄浦区

5

6

1

青浦区

3

5

2

崇明区

3

3

金山区

2

3

1

待明确地区治愈 28 例，治愈数据统一归属上海市公卫临床中心，暂无具体分区
福建

218

281

63

福州

48

66

18

莆田

44

54

10

泉州

31

44

13

厦门

30

34

4

宁德

19

25

6

南平

16

20

4

漳州

15

19

4

三明

10

13

3

龙岩

5

6

1

河北

193

283

3

87

唐山

39

43

4

沧州

29

45

2

14

张家口

24

31

7

邯郸

22

31

9

石家庄

20

27

7

廊坊

17

29

12

保定

14

31

17

邢台

13

22

1

8

秦皇岛

7

9

2

衡水

4

8

4

承德

4

7

3

广西

188

226

2

36

南宁

36

47

11

北海

35

40

1

4

桂林

26

31

5

河池

20

21

1

防城港

16

17

1

柳州

15

22

7

来宾

11

11

玉林

8

9

1

钦州

8

8

贵港

6

8

2

贺州

4

4

百色

3

3

梧州

5

5

陕西

176

230

54

西安

93

114

21

汉中

20

21

1

安康

18

23

5

渭南

14

14

咸阳

12

17

5

宝鸡

6

13

7

商洛

6

7

1

铜川

4

8

4

延安

2

8

6

榆林

2

3

1

韩城

1

1

杨凌

1

1

待明确地区

3

云南

126

162

36

昆明

40

48

8

昭通

17

19

2

西双版纳

12

15

3

玉溪

11

14

3

保山

9

9

曲靖

8

13

5

大理州

8

13

5

红河州

5

8

3

丽江

5

7

2

普洱

4

4

德宏州

3

5

2

楚雄州

3

4

1

文山州

2

2

临沧

1

1

待明确地区

2

海南

112

159

4

43

三亚

36

54

1

17

海口

19

31

12

儋州

13

15

2

万宁

10

13

3

昌江

7

7

澄迈

6

8

1

1

琼海

4

6

1

1

陵水

4

4

临高

3

6

3

保亭

3

3

东方

2

3

1

文昌

2

3

1

乐东

2

2

定安

1

3

1

1

琼中

1

1

贵州

111

140

1

28

贵阳

30

34

4

遵义

27

28

1

毕节

19

23

4

黔南州

12

17

5

黔东南州

8

10

2

六盘水

6

10

1

3

铜仁

4

10

6

安顺

4

4

黔西南州

1

4

3

辽宁

89

119

1

29

沈阳

19

28

9

大连

14

18

4

盘锦

11

11

葫芦岛

10

11

1

阜新

8

8

锦州

6

12

6

铁岭

6

7

1

朝阳

4

6

2

鞍山

4

4

丹东

3

7

4

本溪

2

3

1

辽阳

2

3

1

营口

1

1

山西

88

126

38

晋中

24

35

11

太原

15

18

3

运城

9

19

10

大同

8

12

4

长治

8

8

忻州

7

7

晋城

6

8

2

朔州

5

7

2

阳泉

4

4

吕梁

1

6

5

临汾

1

2

1

天津

86

120

3

31

宝坻区

41

46

2

3

河东区

9

14

1

4

河北区

9

12

3

南开区

6

6

外地来津人员

5

6

1

北辰区

5

6

1

和平区

4

6

2

宁河区

4

4

东丽区

3

4

1

滨海新区

3

3

河西区

2

4

2

西青区

2

4

2

红桥区

1

2

1

津南区

1

1

武清区

1

2

1

待明确地区

10

吉林

60

86

1

25

长春

30

43

13

四平市

11

14

1

2

辽源

5

6

1

公主岭

4

6

2

延边

3

5

2

通化

3

3

吉林市

2

5

3

松原

1

2

1

白城

1

1

梅河口

1

1

内蒙古

59

65

6

包头

11

11

鄂尔多斯

9

11

2

呼和浩特

7

7

通辽

6

6

巴彦淖尔

6

6

呼伦贝尔

5

6

1

赤峰

5

7

2

锡林郭勒盟

4

5

1

乌兰察布

3

3

乌海市

2

2

兴安盟

1

1

新疆

58

65

1

6

乌鲁木齐

21

23

2

伊犁州

13

14

1

兵团第四师

10

10

兵团第九师

4

4

昌吉州

4

4

巴州

3

3

兵团第八师石河子市

1

2

1

兵团第六师五家渠市

1

1

兵团第十二师

1

1

吐鲁番市

1

1

兵团第七师

1

1

阿克苏地区

1

1

香港

54

56

1

1

甘肃

49

90

2

39

兰州

19

35

2

14

平凉

8

9

1

甘南

7

8

1

天水

6

12

6

定西

6

9

3

白银

4

4

陇南

3

4

1

庆阳

2

3

1

临夏

3

3

张掖

2

2

金昌

1

1

待明确地区

6

宁夏

43

67

24

银川

20

32

12

吴忠

19

25

6

固原

3

5

2

中卫

1

3

2

宁东

1

1

石嘴山

1

1

台湾

16

18

2

澳门

7

10

3

青海

7

18

11

西宁

6

15

9

海北州

1

3

2

西藏

1

1

拉萨

1

1
